Policy Name,Mean,Median,Upper Q,Lower Q,IQR,Upper W,Lower W,Average Ranking,Percentage Matching SWIM
egreedy-0.2,0.7098936785994886,0.7098936785994886,0.7098936785994886,0.7098936785994886,0.0,0.7098936785994886,0.7098936785994886,4.0,0.0%
egreedy-0.4,0.6997958016126552,0.6997958016126552,0.6997958016126552,0.6997958016126552,0.0,0.6997958016126552,0.6997958016126552,5.0,100.0%
egreedy-0.6,0.666045066012845,0.666045066012845,0.666045066012845,0.666045066012845,0.0,0.666045066012845,0.666045066012845,8.0,0.0%
egreedy-0.8,0.6297997655284775,0.6297997655284775,0.6297997655284775,0.6297997655284775,0.0,0.6297997655284775,0.6297997655284775,11.0,0.0%
egreedy-1.0,0.5840400303387742,0.5840400303387742,0.5840400303387742,0.5840400303387742,0.0,0.5840400303387742,0.5840400303387742,15.0,0.0%
UCB-TN,0.7732339057717199,0.7732339057717199,0.7732339057717199,0.7732339057717199,0.0,0.7732339057717199,0.7732339057717199,1.0,100.0%
EXP3-333,0.6401619358318035,0.6401619358318035,0.6401619358318035,0.6401619358318035,0.0,0.6401619358318035,0.6401619358318035,9.0,0.0%
DUCB-0.89,0.6109471461865089,0.6109471461865089,0.6109471461865089,0.6109471461865089,0.0,0.6109471461865089,0.6109471461865089,14.0,0.0%
DUCB-0.92,0.6122822024822838,0.6122822024822838,0.6122822024822838,0.6122822024822838,0.0,0.6122822024822838,0.6122822024822838,13.0,0.0%
DUCB-0.95,0.629401042013188,0.629401042013188,0.629401042013188,0.629401042013188,0.0,0.629401042013188,0.629401042013188,12.0,100.0%
DUCB-0.97,0.6335093251973196,0.6335093251973196,0.6335093251973196,0.6335093251973196,0.0,0.6335093251973196,0.6335093251973196,10.0,0.0%
DUCB-0.99,0.6802963724736739,0.6802963724736739,0.6802963724736739,0.6802963724736739,0.0,0.6802963724736739,0.6802963724736739,7.0,0.0%
DUCB-0.992,0.6905227791510519,0.6905227791510519,0.6905227791510519,0.6905227791510519,0.0,0.6905227791510519,0.6905227791510519,6.0,0.0%
DUCB-0.995,0.7179063033707486,0.7179063033707486,0.7179063033707486,0.7179063033707486,0.0,0.7179063033707486,0.7179063033707486,3.0,0.0%
DUCB-0.997,0.7298534512426368,0.7298534512426368,0.7298534512426368,0.7298534512426368,0.0,0.7298534512426368,0.7298534512426368,2.0,0.0%
